a = 85/(85 + 15)